0 0.03860380207667829 0.5655892856192015 0.06618971602481703 0.18430357123840296
0 0.274687300087496 0.6507501080918752 0.1609215080362711 0.2708606267092362
0 0.3526315814369498 0.7712821200597226 0.12672832137172554 0.28568553970326394
0 0.4678475014321773 0.7388170718070837 0.13132491470399826 0.2779821424768055
0 0.5437020241088131 0.8140002161837504 0.11731695870463454 0.28234233415618065
0 0.6137776194302683 0.7281549415824659 0.09978401336727102 0.2522547906531944
0 0.382579426718634 0.3916134570656948 0.11936926002545327 0.1902275693385418
0 0.5098697274029058 0.5242285481557296 0.08790108402290801 0.17075021751493064
0 0.09707827872372464 0.42245818787965284 0.11746131468808992 0.16050370174736112
0 0.6490674927195885 0.4048453813619797 0.07189427601845377 0.13757404160312509
0 0.8504305453930427 0.4595186168286812 0.10961245202099903 0.15719686379145834
0 0.9303888496976349 0.5668239301832994 0.13922230060473026 0.181325348023889
0 0.17989877470558913 0.2908282878034029 0.12985222668681723 0.15141964247680564