0 0.3307339131162238 0.7769192253739527 0.18808622631118482 0.2848669906906352
0 0.45735476292594335 0.8539985250238626 0.15422056228073994 0.2920029499522748
0 0.5477304121276406 0.7747589307367695 0.15865339429596242 0.29077154535327165
0 0.6523197530401117 0.8118963987507689 0.1446545612921568 0.29217041335136285
0 0.6765464788198239 0.6973890034213597 0.12313238836446345 0.2622465560152719
0 0.3077315173373866 0.4806982060391346 0.1377732085166877 0.19994655068427197
0 0.48546919817374545 0.5499220153962243 0.10406937056996632 0.17768974267981755
0 0.07425446695682576 0.6341573713399088 0.10030770060802233 0.16202838001272662
0 0.5571174106075848 0.3727151727402694 0.08554486364988403 0.14467724801081766
0 0.7663995687065306 0.3345446527689043 0.1270612015966055 0.16702496268299924
0 0.8893224155505006 0.4000071154519036 0.1577673735357159 0.19237040802036276
0 0.08185476684309502 0.47572725334181776 0.13149403361182793 0.16082950668363552