0 0.04375 0.653125 0.08671875 0.16171875
0 0.29921875 0.6796875 0.10546875 0.2375
0 0.39140625 0.7765625 0.06796875 0.259375
0 0.49140625 0.7234375 0.075 0.25078125
0 0.57421875 0.77734375 0.059375 0.25703125
0 0.62421875 0.68359375 0.04765625 0.23125
0 0.3546875 0.41640625 0.0796875 0.16484375
0 0.49375 0.5140625 0.053125 0.15234375
0 0.096875 0.503125 0.08515625 0.13515625
0 0.60234375 0.375 0.04453125 0.12265625
0 0.79609375 0.38515625 0.078125 0.134375
0 0.8875 0.46875 0.10234375 0.15234375
0 0.1515625 0.3640625 0.0984375 0.1234375